deg = [4, 4, 3, 2, 2, 5, 1, 4, 4, 4, 7, 6, 4, 4, 1, 3, 2, 5, 2, 3, 2, 3, 8, 1, 8]
Distancies:
[  0   8  25  23  19  18  57  18  19  23  10  20  21   9  49  26  35  13  43  13  31  41  16  27   6]
[  8   0  32  31  27  26  64  16  16  16  18  12  14  16  57  25  28  20  51  21  24  48   9  35  14]
[ 25  32   0  36  32  39  32  31  30  30  23  31  28  20  70  39  42  12  64  26  37  16  23  40  19]
[ 23  31  36   0  22  19  68  29  30  34  13  31  32  20  50  29  46  24  44  16  42  52  27  30  17]
[ 19  27  32  22   0  25  64  25  26  30   9  27  28  16  56  25  42  20  50  12  38  48  23  26  13]
[ 18  26  39  19  25   0  71  32  33  37  16  21  35  23  31  32  49  27  25  19  45  55  30  33  20]
[ 57  64  32  68  64  71   0  63  62  62  55  52  60  52 102  39  74  44  96  58  69  16  55  72  51]
[ 18  16  31  29  25  32  63   0  18  29  16  26  27  15  63  32  41  19  57  19  37  47  22  33  12]
[ 19  16  30  30  26  33  62  18   0  14  17  25  12  14  64  33  26  18  58  20  22  46   7  34  13]
[ 23  16  30  34  30  37  62  29  14   0  21  17   6  14  68  30  26  18  62  24  22  46   7  38  17]
[ 10  18  23  13   9  16  55  16  17  21   0  18  19   7  47  16  33  11  41   3  29  39  14  17   4]
[ 20  12  31  31  27  21  52  26  25  17  18   0  23  11  52  13  37  21  46  21  33  36  18  35  14]
[ 21  14  28  32  28  35  60  27  12   6  19  23   0  12  66  35  21  16  60  22  20  44   5  36  15]
[  9  16  20  20  16  23  52  15  14  14   7  11  12   0  54  23  26  10  48  10  22  36   7  24   3]
[ 49  57  70  50  56  31 102  63  64  68  47  52  66  54   0  63  80  58   6  50  76  86  61  64  51]
[ 26  25  39  29  25  32  39  32  33  30  16  13  35  23  63   0  49  27  57  19  45  23  30  33  20]
[ 35  28  42  46  42  49  74  41  26  26  33  37  21  26  80  49   0  30  74  36  34  58  19  50  29]
[ 13  20  12  24  20  27  44  19  18  18  11  21  16  10  58  27  30   0  52  14  25  28  11  28   7]
[ 43  51  64  44  50  25  96  57  58  62  41  46  60  48   6  57  74  52   0  44  70  80  55  58  45]
[ 13  21  26  16  12  19  58  19  20  24   3  21  22  10  50  19  36  14  44   0  32  42  17  14   7]
[ 31  24  37  42  38  45  69  37  22  22  29  33  20  22  76  45  34  25  70  32   0  53  15  46  25]
[ 41  48  16  52  48  55  16  47  46  46  39  36  44  36  86  23  58  28  80  42  53   0  39  56  35]
[ 16   9  23  27  23  30  55  22   7   7  14  18   5   7  61  30  19  11  55  17  15  39   0  31  10]
[ 27  35  40  30  26  33  72  33  34  38  17  35  36  24  64  33  50  28  58  14  46  56  31   0  21]
[  6  14  19  17  13  20  51  12  13  17   4  14  15   3  51  20  29   7  45   7  25  35  10  21   0]
Eccentricity:
[57, 64, 70, 68, 64, 71, 102, 63, 64, 68, 55, 52, 66, 54, 102, 63, 80, 58, 96, 58, 76, 86, 61, 72, 51]
D = 102
R = 51
Z = [25]
P = [7, 15]
