1 2 57
1 7 78
2 1 57
2 13 89
2 16 46
2 19 32
3 10 11
4 11 6
4 21 12
4 23 58
5 14 44
6 8 69
6 11 17
7 1 78
7 10 74
7 21 92
8 6 69
8 18 23
8 20 41
9 22 24
10 3 11
10 7 74
10 14 84
10 16 22
10 18 65
10 22 14
10 25 79
11 4 6
11 6 17
11 14 19
11 15 69
12 16 93
12 22 28
13 2 89
13 18 82
13 19 18
13 23 7
14 5 44
14 10 84
14 11 19
14 24 18
15 11 69
16 2 46
16 10 22
16 12 93
16 18 66
16 24 55
17 18 49
17 22 40
18 8 23
18 10 65
18 13 82
18 16 66
18 17 49
18 24 87
19 2 32
19 13 18
20 8 41
20 24 32
21 4 12
21 7 92
22 9 24
22 10 14
22 12 28
22 17 40
22 23 66
23 4 58
23 13 7
23 22 66
23 25 89
24 14 18
24 16 55
24 18 87
24 20 32
25 10 79
25 23 89
