1 40 33
2 5 14
3 33 65
3 49 45
4 18 41
4 34 97
4 49 9
5 2 14
5 15 8
5 22 13
6 30 89
7 14 15
7 42 51
8 14 28
8 24 63
9 21 96
9 24 29
9 28 96
9 31 25
10 16 93
10 46 41
11 21 33
11 23 9
11 27 16
12 15 12
12 29 22
12 40 87
13 35 18
13 39 84
14 7 15
14 8 28
14 45 76
15 5 8
15 12 12
16 10 93
16 49 74
17 50 76
18 4 41
18 30 11
19 42 26
20 32 22
21 9 96
21 11 33
21 50 97
22 5 13
22 25 5
22 40 4
23 11 9
23 34 50
23 47 73
24 8 63
24 9 29
24 41 87
25 22 5
26 28 68
26 37 72
26 39 61
27 11 16
27 47 24
28 9 96
28 26 68
28 41 100
28 44 67
29 12 22
29 36 23
30 6 89
30 18 11
31 9 25
31 50 77
32 20 22
32 40 8
33 3 65
33 42 24
34 4 97
34 23 50
35 13 18
35 45 61
35 48 25
36 29 23
37 26 72
37 39 86
38 48 32
39 13 84
39 26 61
39 37 86
40 1 33
40 12 87
40 22 4
40 32 8
41 24 87
41 28 100
42 7 51
42 19 26
42 33 24
42 50 57
43 49 97
44 28 67
44 47 100
45 14 76
45 35 61
46 10 41
46 50 71
47 23 73
47 27 24
47 44 100
48 35 25
48 38 32
49 3 45
49 4 9
49 16 74
49 43 97
50 17 76
50 21 97
50 31 77
50 42 57
50 46 71
