deg = [3, 3, 1, 3, 3, 2, 1, 2, 1, 3]
Distancies:
[ 0 29 35 19  4 28 27 33 49  3]
[29  0 62 46 25 15 56  4 20 32]
[35 62  0 16 37 63 62 66 82 38]
[19 46 16  0 21 47 46 50 66 22]
[ 4 25 37 21  0 32 31 29 45  7]
[28 15 63 47 32  0 49 11 35 25]
[27 56 62 46 31 49  0 60 76 24]
[33  4 66 50 29 11 60  0 24 36]
[49 20 82 66 45 35 76 24  0 52]
[ 3 32 38 22  7 25 24 36 52  0]
Eccentricity:
[49, 62, 82, 66, 45, 63, 76, 66, 82, 52]
D = 82
R = 45
Z = [5]
P = [3, 9]
